              precision    recall  f1-score   support

           0       0.10      0.03      0.05        30
           1       0.29      0.53      0.38        30
           2       0.06      0.03      0.04        30
           3       0.48      0.33      0.39        30
           4       0.36      0.17      0.23        30
           5       0.67      0.80      0.73        30
           6       0.34      0.40      0.37        30
           7       0.02      0.03      0.02        30
           8       0.35      0.30      0.32        30
           9       0.75      0.60      0.67        30
          10       0.13      0.20      0.16        30
          11       0.44      0.80      0.56        30
          12       0.16      0.23      0.19        30
          13       0.29      0.67      0.40        30
          14       0.13      0.13      0.13        30
          15       0.00      0.00      0.00        30
          16       0.47      0.30      0.37        30
          17       0.62      0.17      0.26        30
          18       0.30      0.10      0.15        30
          19       0.44      0.27      0.33        30
          20       0.09      0.07      0.08        30
          21       0.13      0.07      0.09        30
          22       0.00      0.00      0.00        30
          23       0.10      0.23      0.14        30
          24       0.21      0.23      0.22        30
          25       0.30      0.53      0.38        30
          26       0.43      0.60      0.50        30
          27       0.79      0.63      0.70        30
          28       0.25      0.20      0.22        30
          29       0.07      0.03      0.04        30

    accuracy                           0.29       900
   macro avg       0.29      0.29      0.27       900
weighted avg       0.29      0.29      0.27       900

train_time = 2259.3590325
test_time = 408.9927550000002
