              precision    recall  f1-score   support

           0       0.11      0.10      0.10        30
           1       0.14      0.33      0.20        30
           2       0.09      0.07      0.08        30
           3       0.13      0.13      0.13        30
           4       0.14      0.17      0.15        30
           5       0.46      0.83      0.60        30
           6       0.09      0.03      0.05        30
           7       0.00      0.00      0.00        30
           8       0.00      0.00      0.00        30
           9       0.40      0.97      0.56        30
          10       0.04      0.07      0.05        30
          11       0.50      0.57      0.53        30
          12       0.38      0.10      0.16        30
          13       0.11      0.53      0.19        30
          14       0.09      0.03      0.05        30
          15       0.00      0.00      0.00        30
          16       0.24      0.17      0.20        30
          17       0.00      0.00      0.00        30
          18       0.10      0.07      0.08        30
          19       0.11      0.17      0.14        30
          20       0.00      0.00      0.00        30
          21       0.14      0.07      0.09        30
          22       0.15      0.07      0.09        30
          23       0.06      0.10      0.07        30
          24       0.10      0.07      0.08        30
          25       0.36      0.30      0.33        30
          26       0.13      0.07      0.09        30
          27       0.53      0.70      0.60        30
          28       0.25      0.10      0.14        30
          29       0.00      0.00      0.00        30

    accuracy                           0.19       900
   macro avg       0.16      0.19      0.16       900
weighted avg       0.16      0.19      0.16       900

train_time = 2410.4872697
test_time = 2.543681600000127
