              precision    recall  f1-score   support

           0       0.00      0.00      0.00        30
           1       0.09      0.63      0.16        30
           2       0.00      0.00      0.00        30
           3       0.89      0.27      0.41        30
           4       0.00      0.00      0.00        30
           5       1.00      0.30      0.46        30
           6       0.00      0.00      0.00        30
           7       0.00      0.00      0.00        30
           8       0.00      0.00      0.00        30
           9       0.30      0.93      0.45        30
          10       0.00      0.00      0.00        30
          11       0.83      0.17      0.28        30
          12       0.00      0.00      0.00        30
          13       0.04      0.80      0.08        30
          14       0.00      0.00      0.00        30
          15       0.00      0.00      0.00        30
          16       0.00      0.00      0.00        30
          17       0.00      0.00      0.00        30
          18       0.00      0.00      0.00        30
          19       1.00      0.03      0.06        30
          20       0.00      0.00      0.00        30
          21       0.00      0.00      0.00        30
          22       0.00      0.00      0.00        30
          23       0.00      0.00      0.00        30
          24       0.00      0.00      0.00        30
          25       0.00      0.00      0.00        30
          26       0.00      0.00      0.00        30
          27       1.00      0.10      0.18        30
          28       0.00      0.00      0.00        30
          29       0.00      0.00      0.00        30

    accuracy                           0.11       900
   macro avg       0.17      0.11      0.07       900
weighted avg       0.17      0.11      0.07       900

train_time = 88.3337988
test_time = 465.89388799999995
