              precision    recall  f1-score   support

           0       0.08      0.03      0.05        30
           1       0.26      0.57      0.35        30
           2       0.20      0.07      0.10        30
           3       0.10      0.17      0.13        30
           4       0.00      0.00      0.00        30
           5       0.69      0.73      0.71        30
           6       0.25      0.23      0.24        30
           7       0.00      0.00      0.00        30
           8       0.26      0.30      0.28        30
           9       0.77      0.57      0.65        30
          10       0.10      0.27      0.15        30
          11       0.42      0.83      0.56        30
          12       0.16      0.23      0.19        30
          13       0.21      0.57      0.30        30
          14       0.07      0.03      0.05        30
          15       0.00      0.00      0.00        30
          16       0.18      0.07      0.10        30
          17       0.23      0.10      0.14        30
          18       0.47      0.30      0.37        30
          19       0.09      0.10      0.09        30
          20       0.23      0.10      0.14        30
          21       0.15      0.07      0.09        30
          22       0.08      0.03      0.05        30
          23       0.07      0.17      0.10        30
          24       0.24      0.17      0.20        30
          25       0.27      0.50      0.35        30
          26       0.32      0.20      0.24        30
          27       0.83      0.50      0.62        30
          28       0.40      0.27      0.32        30
          29       0.08      0.03      0.05        30

    accuracy                           0.24       900
   macro avg       0.24      0.24      0.22       900
weighted avg       0.24      0.24      0.22       900

train_time = 6.253295499999998
test_time = 31.1875406
