              precision    recall  f1-score   support

           0       0.14      0.13      0.14        30
           1       0.15      0.20      0.17        30
           2       0.09      0.10      0.10        30
           3       0.05      0.03      0.04        30
           4       0.06      0.07      0.06        30
           5       0.32      0.33      0.33        30
           6       0.17      0.17      0.17        30
           7       0.11      0.13      0.12        30
           8       0.09      0.07      0.08        30
           9       0.53      0.57      0.55        30
          10       0.04      0.07      0.05        30
          11       0.44      0.37      0.40        30
          12       0.11      0.10      0.10        30
          13       0.27      0.50      0.35        30
          14       0.12      0.13      0.12        30
          15       0.00      0.00      0.00        30
          16       0.00      0.00      0.00        30
          17       0.03      0.03      0.03        30
          18       0.04      0.03      0.04        30
          19       0.12      0.13      0.13        30
          20       0.12      0.10      0.11        30
          21       0.00      0.00      0.00        30
          22       0.00      0.00      0.00        30
          23       0.11      0.13      0.12        30
          24       0.00      0.00      0.00        30
          25       0.19      0.13      0.16        30
          26       0.07      0.07      0.07        30
          27       0.32      0.23      0.27        30
          28       0.06      0.07      0.06        30
          29       0.00      0.00      0.00        30

    accuracy                           0.13       900
   macro avg       0.13      0.13      0.13       900
weighted avg       0.13      0.13      0.13       900

train_time = 493.37681399999997
test_time = 0.32019530000002305
